Zoodiac|1
