127.0
40.425196850393704
45.0
40.0
